#Age (Myr)	d18O(‰)
0	3.43
0.003	3.37
0.006	3.54
0.009	3.87
0.012	4.36
0.015	4.9
0.018	5.01
0.021	4.96
0.024	4.87
0.027	4.67
0.03	4.58
0.033	4.61
0.036	4.57
0.039	4.49
0.042	4.58
0.045	4.57
0.048	4.57
0.051	4.48
0.054	4.45
0.057	4.42
0.06	4.47
0.063	4.61
0.066	4.6
0.069	4.5
0.072	4.34
0.075	4.26
0.078	4.11
0.081	4.02
0.084	4.13
0.087	4.32
0.09	4.32
0.093	4.21
0.096	4.1
0.099	4.09
0.102	4.05
0.105	4.19
0.108	4.29
0.111	4.04
0.114	3.73
0.117	3.42
0.12	3.29
0.123	3.35
0.126	3.78
0.129	4.35
0.132	4.48
0.135	4.76
0.138	4.88
0.141	4.91
0.144	4.86
0.147	4.81
0.15	4.91
0.153	4.83
0.156	4.68
0.159	4.71
0.162	4.64
0.165	4.47
0.168	4.43
0.171	4.54
0.174	4.61
0.177	4.54
0.18	4.62
0.183	4.65
0.186	4.61
0.189	4.38
0.192	4.11
0.195	3.96
0.198	3.86
0.201	4.07
0.204	3.95
0.207	3.84
0.21	3.79
0.213	3.75
0.216	3.82
0.219	3.99
0.222	4.19
0.225	4.58
0.228	4.57
0.231	4.43
0.234	4.04
0.237	3.75
0.24	3.93
0.243	4.42
0.246	4.74
0.249	4.8
0.252	4.72
0.255	4.71
0.258	4.68
0.261	4.71
0.264	4.71
0.267	4.73
0.27	4.69
0.273	4.53
0.276	4.54
0.279	4.33
0.282	4.08
0.285	3.99
0.288	4
0.291	4.18
0.294	4.35
0.297	4.37
0.3	4.28
0.303	4.3
0.306	4.23
0.309	4.27
0.312	4.17
0.315	3.88
0.318	3.98
0.321	3.73
0.324	3.61
0.327	3.43
0.33	3.59
0.333	3.71
0.336	4.25
0.339	4.72
0.342	5.17
0.345	5.14
0.348	5.04
0.351	4.76
0.354	4.8
0.357	4.87
0.36	4.81
0.363	4.77
0.366	4.64
0.369	4.58
0.372	4.62
0.375	4.45
0.378	4.51
0.381	4.44
0.384	4.13
0.387	4.29
0.39	4.21
0.393	3.89
0.396	3.84
0.399	3.63
0.402	3.51
0.405	3.59
0.408	4.07
0.411	4.54
0.414	4.88
0.426	4.56
0.429	4.59
0.432	4.62
0.435	4.66
0.438	4.68
0.441	4.64
0.444	4.64
0.447	4.42
0.45	4.56
0.453	4.61
0.456	4.5
0.459	4.49
0.462	4.44
0.465	4.4
0.468	4.29
0.471	4.1
0.474	3.95
0.477	3.84
0.48	3.85
0.483	3.87
0.486	4.09
0.489	4.23
0.492	4.25
0.495	4.15
0.498	3.98
0.501	4.06
0.504	4.33
0.507	4.64
0.51	4.42
0.513	4.41
0.516	4.31
0.519	4.31
0.522	4.32
0.525	4.45
0.528	4.5
0.531	4.62
0.543	4.53
0.546	4.27
0.549	4.23
0.552	4.01
0.555	3.94
0.558	3.77
0.561	3.73
0.564	3.69
0.567	3.58
0.57	3.62
0.573	3.67
0.576	3.91
0.579	4.05
0.582	4.09
0.585	4.17
0.597	4.1
0.6	4.19
0.603	4.04
0.606	4.14
0.609	3.92
0.612	3.74
0.615	3.78
0.618	3.88
0.621	4.38
0.624	4.64
0.627	5
0.63	5.09
0.633	4.82
0.636	4.92
0.639	5.02
0.642	4.96
0.645	4.84
0.648	4.88
0.651	4.9
0.654	4.81
0.657	4.78
0.66	4.77
0.663	4.7
0.666	4.7
0.669	4.81
0.672	4.51
0.675	4.55
0.678	4.5
0.681	4.44
0.684	4.21
0.687	4
0.69	3.81
0.693	3.94
0.696	4.01
0.699	4.15
0.702	4.28
0.705	4.28
0.708	4.27
0.711	4.38
0.714	4.61
0.717	4.77
0.72	4.9
0.723	4.79
0.726	4.46
0.729	4.33
0.732	4.28
0.735	4.38
0.741	4.37
0.744	4.37
0.747	4.57
0.75	4.73
0.753	4.72
0.756	4.66
0.759	4.64
0.762	4.48
0.765	4.4
0.768	4.52
0.771	4.42
0.774	4.07
0.777	3.86
0.78	3.72
0.783	3.73
0.786	3.89
0.789	4.29
0.792	4.6
0.795	4.69
0.798	4.68
0.801	4.67
0.804	4.57
0.807	4.21
0.81	4.06
0.813	3.97
0.816	4.09
0.819	4.08
0.822	4.15
0.825	4.07
0.828	4.06
0.831	4.11
0.834	4.04
0.837	3.9
0.84	3.86
0.843	3.81
0.846	3.78
0.849	3.93
0.852	3.83
0.855	3.66
0.858	3.77
0.861	3.82
0.864	3.99
0.867	4.41
0.87	4.66
0.873	5.01
0.876	5.01
0.879	4.96
0.882	4.81
0.885	4.75
0.888	4.75
0.891	4.74
0.894	4.69
0.897	4.49
0.9	4.35
0.903	4.17
0.906	4.17
0.909	4.28
0.912	4.46
0.915	4.58
0.918	4.51
0.921	4.39
0.924	4.26
0.927	4.24
0.93	4.19
0.933	4.18
0.936	4.02
0.939	3.83
0.942	3.74
0.945	3.63
0.948	3.43
0.951	3.47
0.954	3.58
0.957	3.71
0.96	4.22
0.963	4.52
0.966	4.44
0.969	4.24
0.972	4.2
0.975	4.09
0.978	4.12
0.981	4.17
0.984	4.06
0.987	4.18
0.99	4.14
0.993	4.05
0.996	3.88
0.999	4.24
1.002	4.25
1.005	4.13
1.008	4.28
1.011	4.17
1.014	4.01
1.017	3.94
1.02	4
1.023	3.86
1.026	3.9
1.029	3.99
1.032	4.09
1.035	4.37
1.038	4.55
1.041	4.52
1.044	4.42
1.047	4.27
1.05	4.29
1.053	4.36
1.056	4.37
1.059	4.29
1.062	3.74
1.065	3.53
1.068	3.45
1.071	3.44
1.074	3.55
1.077	3.73
1.08	3.92
1.083	4.05
1.086	4.11
1.089	4.19
1.092	4.17
1.095	4.24
1.098	4.37
1.101	4.24
1.104	4.05
1.107	3.88
1.11	3.8
1.113	3.85
1.116	4.22
1.119	4.41
1.122	4.4
1.125	4.51
1.128	4.63
1.131	4.63
1.134	4.61
1.137	4.39
1.14	4.27
1.143	4.12
1.146	4.09
1.149	3.99
1.152	3.96
1.155	3.94
1.158	3.79
1.161	3.77
1.164	3.73
1.167	3.81
1.17	3.86
1.173	3.87
1.176	3.75
1.179	3.6
1.182	3.74
1.185	3.99
1.188	4
1.191	4.26
1.194	4.4
1.197	4.5
1.2	4.42
1.203	4.45
1.206	4.46
1.209	4.35
1.212	4.27
1.215	4.23
1.218	4.16
1.221	3.97
1.224	3.74
1.227	3.57
1.23	3.57
1.233	3.51
1.236	3.44
1.239	3.38
1.242	3.3
1.245	3.86
1.248	4.22
1.251	4.33
1.254	4
1.257	4.23
1.26	4.25
1.263	4.07
1.266	3.96
1.269	3.94
1.272	3.83
1.275	3.71
1.278	3.62
1.281	3.87
1.284	4
1.287	4.35
1.29	4.33
1.293	4.28
1.296	4.34
1.299	4.27
1.302	4.27
1.305	4.25
1.308	4.04
1.311	3.9
1.314	3.78
1.317	3.97
1.32	4.1
1.323	4.21
1.326	4.26
1.329	4.3
1.332	4.34
1.335	4.28
1.338	4.16
1.341	3.84
1.344	3.56
1.347	3.57
1.35	3.6
1.353	3.59
1.356	4.03
1.359	4.12
1.362	4.29
1.365	4.36
1.368	4.34
1.371	4.28
1.377	4.11
1.38	4.12
1.383	3.86
1.386	3.79
1.389	3.77
1.392	3.72
1.395	3.56
1.398	3.53
1.401	3.66
1.404	3.79
1.407	3.78
1.41	3.78
1.413	4.15
1.416	4.33
1.419	4.17
1.422	4.2
1.425	4.1
1.428	4
1.431	3.9
1.434	3.65
1.437	3.43
1.44	3.31
1.443	3.38
1.446	3.41
1.449	3.46
1.452	3.47
1.455	3.81
1.458	4.26
1.461	4.18
1.464	4.27
1.467	4.06
1.47	3.6
1.473	3.47
1.476	3.52
1.479	3.52
1.482	3.54
1.485	3.54
1.488	3.39
1.491	3.47
1.494	3.67
1.497	3.96
1.5	4.21
1.503	4.21
1.506	4.2
1.509	4.32
1.512	4.22
1.515	3.95
1.518	3.73
1.521	3.83
1.524	3.74
1.527	3.77
1.53	3.85
1.533	4
1.536	4.25
1.539	4.41
1.542	4.53
1.545	4.27
1.548	4
1.551	3.83
1.554	3.8
1.557	3.9
1.56	3.9
1.563	3.61
1.566	3.51
1.569	3.98
1.572	4.34
1.575	4.4
1.578	4.17
1.581	4.23
1.584	4.03
1.587	3.93
1.59	3.79
1.593	3.79
1.596	3.84
1.599	3.83
1.602	3.71
1.605	3.57
1.608	3.46
1.611	3.55
1.614	3.69
1.617	3.78
1.62	3.88
1.623	3.83
1.626	3.72
1.629	3.76
1.632	3.93
1.635	3.65
1.638	3.61
1.641	3.64
1.644	3.79
1.647	4.12
1.65	4.24
1.653	4.31
1.656	4.28
1.659	4.22
1.662	4.25
1.665	4.19
1.668	4.07
1.671	3.94
1.674	3.79
1.677	3.75
1.68	3.81
1.683	3.78
1.686	3.98
1.689	3.99
1.692	4
1.695	4.08
1.698	4.39
1.701	4.47
1.704	4.31
1.707	4.15
1.71	3.96
1.713	3.9
1.716	4
1.719	4.13
1.722	4.12
1.725	4.04
1.728	4.06
1.731	4.06
1.734	3.9
1.737	3.98
1.74	4
1.743	4.16
1.746	4.33
1.749	4.46
1.752	4.46
1.755	4.09
1.758	3.73
1.761	3.73
1.764	3.45
1.767	3.43
1.77	3.6
1.773	3.82
1.776	3.96
1.779	4.1
1.782	4.18
1.785	4.23
1.788	4.31
1.791	4.24
1.794	4.22
1.797	4.08
1.8	3.94
1.803	3.71
1.806	3.86
1.809	3.75
1.812	3.8
1.815	3.92
1.818	4.08
1.821	3.89
1.824	3.68
1.827	3.8
1.83	3.91
1.833	3.99
1.836	4.1
1.839	4.01
1.842	4.03
1.845	3.93
1.848	3.82
1.851	3.84
1.854	3.7
1.857	3.81
1.86	4.02
1.863	4.13
1.866	3.89
1.869	3.77
1.872	3.95
1.875	4.44
1.878	4.39
1.881	4.26
1.884	3.99
1.887	3.75
1.89	3.64
1.893	3.56
1.896	3.61
1.899	3.61
1.902	3.63
1.905	3.78
1.908	4
1.911	4.09
1.914	4.19
1.916	4.23
1.919	4.01
1.922	3.86
1.925	3.89
1.928	3.83
1.931	3.52
1.934	3.51
1.937	3.61
1.94	3.59
1.943	3.59
1.946	3.53
1.949	3.46
1.952	3.67
1.955	3.92
1.958	3.91
1.961	3.8
1.964	3.75
1.967	3.72
1.97	3.58
1.973	3.45
1.976	3.42
1.979	3.32
1.982	3.33
1.985	3.73
1.988	3.91
1.991	3.75
1.994	3.76
1.997	3.78
2	3.74
2.003	3.75
2.006	3.8
2.009	3.77
2.012	3.69
2.015	4.8
2.018	4.9
2.021	3.34
2.024	3.43
2.027	3.39
2.03	3.57
2.033	3.51
2.036	3.54
2.039	3.58
2.042	3.69
2.045	3.73
2.048	3.58
2.051	3.44
2.054	3.31
2.057	3.43
2.06	3.52
2.063	3.62
2.066	3.69
2.069	3.61
2.072	3.76
2.075	3.9
2.078	3.84
2.081	3.86
2.084	4.14
2.087	4.07
2.09	3.93
2.093	4.04
2.096	3.78
2.099	3.61
2.102	3.31
2.105	3.57
2.108	3.77
2.111	3.67
2.114	3.62
2.117	3.67
2.12	3.6
2.123	3.8
2.126	3.77
2.129	3.71
2.132	3.67
2.135	3.54
2.138	3.35
2.141	3.36
2.144	3.46
2.147	3.72
2.15	3.94
2.153	3.99
2.156	3.99
2.159	4.17
2.162	4.21
2.165	4.16
2.168	4.15
2.171	4.03
2.174	3.95
2.177	3.87
2.18	3.78
2.183	3.71
2.186	3.62
2.189	3.51
2.192	3.45
2.195	3.5
2.198	3.65
2.201	3.72
2.204	3.75
2.207	3.6
2.21	3.42
2.213	3.39
2.216	3.39
2.219	3.41
2.222	3.47
2.225	3.48
2.228	3.49
2.231	3.51
2.234	3.45
2.237	3.44
2.24	3.8
2.243	4.04
2.246	3.98
2.249	3.86
2.252	3.64
2.255	3.52
2.258	3.5
2.261	3.32
2.264	3.22
2.267	3.25
2.27	3.38
2.273	3.6
2.276	3.82
2.279	3.9
2.282	4.03
2.285	3.89
2.288	3.8
2.291	3.68
2.294	3.53
2.297	3.41
2.3	3.26
2.303	3.38
2.306	3.37
2.309	3.44
2.312	3.65
2.315	3.71
2.318	3.72
2.321	3.57
2.324	3.41
2.327	3.41
2.33	3.41
2.333	3.42
2.336	3.38
2.339	3.5
2.342	3.52
2.345	3.28
2.348	3.11
2.351	3.14
2.354	3.33
2.357	3.53
2.36	3.74
2.363	3.9
2.366	3.86
2.369	3.76
2.372	3.69
2.375	3.62
2.378	3.57
2.381	3.48
2.384	3.34
2.387	3.22
2.39	3.09
2.393	3.1
2.396	3.2
2.399	3.4
2.402	3.59
2.405	3.66
2.408	3.66
2.411	3.74
2.414	3.72
2.417	3.65
2.42	3.5
2.423	3.33
2.426	3.47
2.429	3.49
2.432	3.47
2.435	3.42
2.438	3.45
2.441	3.73
2.444	3.92
2.447	3.96
2.45	3.89
2.453	4.02
2.456	3.88
2.459	3.85
2.462	3.85
2.465	3.71
2.468	3.43
2.471	3.32
2.474	3.29
2.477	3.53
2.48	3.76
2.483	4.02
2.486	4.14
2.489	4.1
2.492	3.98
2.495	3.89
2.498	3.89
2.501	3.61
2.504	3.49
2.507	3.42
2.51	3.53
2.513	3.67
2.516	3.84
2.519	3.99
2.522	4.1
2.525	4.1
2.528	4.06
2.531	3.94
2.534	3.85
2.537	3.6
2.54	3.41
2.543	3.2
2.546	3.3
2.549	3.57
2.552	3.6
2.555	3.55
2.558	3.45
2.561	3.45
2.564	3.45
2.567	3.45
2.57	3.39
2.573	3.35
2.576	3.28
2.579	3.2
2.582	3.25
2.585	3.23
2.588	3.24
2.591	3.3
2.594	3.34
2.597	3.58
2.6	3.75
2.603	3.83
2.606	3.99
2.609	3.9
2.612	3.87
2.615	3.85
2.618	3.73
2.621	3.63
2.624	3.47
2.627	3.38
2.63	3.4
2.633	3.39
2.636	3.31
2.639	3.35
2.642	3.51
2.645	3.7
2.648	3.76
2.651	3.72
2.654	3.77
2.657	3.69
2.66	3.54
2.663	3.42
2.666	3.17
2.669	3.13
2.672	3.2
2.675	3.22
2.678	3.27
2.681	3.34
2.684	3.49
2.687	3.57
2.69	3.83
2.693	3.85
2.696	3.76
2.699	3.6
2.702	3.49
2.705	3.53
2.708	3.6
2.711	3.75
2.714	3.76
2.717	3.83
2.72	3.83
2.723	3.66
2.726	3.55
2.729	3.65
2.732	3.52
2.735	3.59
2.738	3.64
2.741	3.59
2.744	3.68
2.747	3.44
2.75	2.99
2.753	2.98
2.756	3.03
2.759	3.11
2.762	3.23
2.765	3.24
2.768	3.32
2.771	3.37
2.774	3.44
2.777	3.49
2.78	3.33
2.783	3.27
2.786	3.18
2.789	3.16
2.792	3.23
2.795	3.34
2.798	3.23
2.801	3.31
2.804	3.34
2.807	3.39
2.81	3.57
2.813	3.55
2.816	3.85
2.819	3.79
2.822	3.7
2.825	3.46
2.828	3.42
2.831	3.33
2.834	3.29
2.837	3.3
2.84	3.35
2.843	3.43
2.846	3.53
2.849	3.51
2.852	3.51
2.855	3.56
2.858	3.54
2.861	3.45
2.864	3.33
2.867	3.28
2.87	3.26
2.873	3.23
2.876	3.26
2.879	3.26
2.882	3.38
2.885	3.58
2.888	3.66
2.891	3.62
2.894	3.49
2.897	3.41
2.9	3.34
2.903	3.3
2.906	3.27
2.909	3.23
2.912	3.38
2.915	3.37
2.918	3.33
2.921	3.29
2.924	3.28
2.927	3.44
2.93	3.5
2.933	3.57
2.936	3.61
2.939	3.42
2.942	3.23
2.945	3.17
2.948	2.96
2.951	3.02
2.954	3.07
2.957	3.21
2.96	3.26
2.963	3.18
2.966	3.17
2.969	3.35
2.972	3.28
2.975	3.41
2.978	3.42
2.981	3.27
2.984	3.13
2.987	2.9
2.99	2.98
2.993	2.9
2.996	2.99
2.999	3.08
3.002	3.22
3.005	3.34
3.008	3.4
3.011	3.43
3.014	3.56
3.017	3.5
3.02	3.42
3.023	3.35
3.026	3.39
3.029	3.37
3.032	3.26
3.035	3.09
3.038	2.96
3.041	3.01
3.044	3.02
3.047	3.12
3.05	3.18
3.053	3.3
3.056	3.3
3.059	3.37
3.062	3.08
3.065	3.07
3.068	3
3.071	2.99
3.074	2.94
3.077	2.99
3.08	3.02
3.083	3.13
3.086	3.21
3.089	3.22
3.092	3.28
3.095	3.21
3.098	3.3
3.101	3.12
3.104	3.02
3.107	3.19
3.11	3.12
3.113	3.32
3.116	3.15
3.119	3.33
3.122	3.28
3.125	3.52
3.128	3.25
3.131	3.26
3.134	3.49
3.137	3.53
3.14	3.68
3.143	3.73
3.146	3.65
3.149	3.42
3.152	3.41
3.155	3.24
3.158	3.17
3.161	3.09
3.164	3.17
3.167	3.21
3.17	3.2
3.173	3.31
3.176	3.34
3.179	3.32
3.182	3.31
3.185	3.45
3.188	3.4
3.191	3.32
3.194	3.15
3.197	3.07
3.2	3.06
3.203	3.04
3.206	3.1
3.209	3.22
3.212	3.21
3.215	3.1
3.224	3.33
3.227	3.3
3.23	3.1
3.233	3.25
3.236	3.19
3.239	3.11
3.242	3.14
3.245	3.2
3.248	3.19
3.251	3.11
3.254	3.12
3.257	3.15
3.26	3.1
3.263	3.16
3.266	3.16
3.269	3.17
3.272	3.2
3.275	3
3.278	3.04
3.281	3.1
3.284	2.97
3.287	3.07
3.29	3.09
3.293	3.02
3.296	3.07
3.299	3.14
3.302	3.23
3.305	3.61
3.308	3.75
3.311	3.57
3.314	3.58
3.317	3.75
3.32	3.57
3.323	3.47
3.326	3.38
3.329	3.39
3.332	3.31
3.335	3.36
3.338	3.5
3.341	3.73
3.344	3.72
3.347	3.61
3.35	3.62
3.353	3.53
3.356	3.5
3.359	3.41
3.362	3.45
3.365	3.32
3.368	3.21
3.371	3.16
3.374	3.16
3.377	3.18
3.38	3.16
3.383	3.19
3.386	3.18
3.389	3.16
3.392	3.38
3.395	3.32
3.398	3.24
3.401	3.22
3.404	3.22
3.407	3.02
3.41	2.97
3.413	3.31
3.416	3.27
3.419	3.21
3.422	3.16
3.425	3.14
3.428	3.22
3.431	3.3
3.434	3.33
3.437	3.37
3.44	3.29
3.443	3.23
3.446	3.08
3.449	3
3.452	2.94
3.455	2.9
3.458	3.07
3.461	3.12
3.464	3.16
3.467	3.09
3.47	2.89
3.473	3.03
3.476	2.99
3.479	3.09
3.482	3.16
3.485	3.06
3.488	2.97
3.491	2.98
3.494	2.98
3.497	2.74
3.5	2.86
3.503	2.9
3.506	2.94
3.509	2.88
3.512	2.87
3.515	2.9
3.518	3
3.521	3.03
3.524	2.95
3.527	2.95
3.53	2.91
3.533	2.86
3.536	2.88
3.539	2.88
3.542	2.91
3.545	3.06
3.548	3.24
3.551	3.1
3.554	2.92
3.557	2.97
3.56	3.09
3.563	3.04
3.566	3.02
3.569	3.05
3.572	2.98
3.575	2.88
3.578	2.97
3.581	3.03
3.584	3.18
3.587	3.14
3.59	3.23
3.593	3.06
3.596	2.98
3.599	2.94
3.602	2.94
3.605	3.01
3.608	3.1
3.611	2.95
3.614	2.72
3.617	2.81
3.62	2.92
3.623	3.09
3.626	3.21
3.629	3.22
3.632	3.29
3.635	3.34
3.638	3.08
3.641	2.88
3.644	2.89
3.647	2.87
3.65	2.87
3.653	2.79
3.656	2.84
3.659	2.87
3.662	3.01
3.665	3.04
3.668	3.13
3.671	3.19
3.674	3.22
3.677	3.28
3.68	3.28
3.683	3.23
3.686	3.17
3.689	3.12
3.692	2.96
3.695	2.91
3.698	2.83
3.701	2.71
3.704	3.01
3.707	2.98
3.71	2.87
3.713	2.96
3.716	3.06
3.719	3.14
3.722	3.14
3.725	2.98
3.728	2.87
3.731	2.94
3.734	2.89
3.737	2.73
3.74	2.82
3.743	2.86
3.746	2.85
3.749	2.86
3.752	2.85
3.755	2.91
3.758	3.04
3.761	2.94
3.764	2.88
3.767	2.81
3.77	2.71
3.773	2.75
3.776	2.74
3.779	2.67
3.782	2.82
3.785	3
3.788	3.11
3.791	3.16
3.794	3.2
3.797	2.99
3.8	2.89
3.803	2.88
3.806	2.97
3.809	3.01
3.812	2.99
3.815	3.06
3.818	3.03
3.821	3.04
3.824	3.1
3.827	2.98
3.83	2.94
3.833	2.89
3.836	2.93
3.839	3.02
3.842	3.18
3.845	3.18
3.848	3.02
3.851	2.8
3.854	2.68
3.857	2.64
3.86	2.63
3.863	2.87
3.866	2.85
3.869	2.71
3.872	2.76
3.875	2.96
3.878	3.01
3.881	3.08
3.884	3.13
3.887	3.12
3.89	2.85
3.893	2.85
3.896	2.94
3.899	2.85
3.902	2.92
3.905	3.03
3.908	2.96
3.911	2.92
3.914	2.95
3.917	2.88
3.92	2.87
3.923	2.99
3.926	3.02
3.929	2.99
3.932	2.9
3.935	2.85
3.938	2.75
3.941	2.76
3.944	3.06
3.947	3.06
3.95	3.06
3.953	2.89
3.956	2.88
3.959	3.03
3.962	3.02
3.965	3.03
3.968	3.07
3.971	3.07
3.974	3.08
3.977	3.21
3.98	3.15
3.983	3.3
3.986	3.21
3.989	3.26
3.992	3.39
3.995	3.59
3.998	3.45
4.001	3.31
4.004	3.1
4.007	3.28
4.01	3.12
4.013	2.96
4.016	2.86
4.019	3.06
4.022	3.11
4.025	3.03
4.028	2.98
4.031	3.09
4.034	3.28
4.037	3.4
4.04	3.35
4.043	3.35
4.046	3.32
4.049	3.31
4.052	3.31
4.055	3.14
4.058	3.12
4.061	3.01
4.064	3.02
4.067	2.98
4.07	2.98
4.073	3.06
4.076	3.04
4.079	2.93
4.082	2.99
4.085	3.01
4.088	3.09
4.091	3.16
4.094	3.2
4.097	3.1
4.1	2.98
4.103	2.83
4.106	2.74
4.109	2.8
4.112	2.9
4.115	2.93
4.118	2.99
4.121	3.03
4.124	3
4.127	2.82
4.13	2.96
4.133	2.98
4.136	2.94
4.139	3.05
4.142	3.14
4.145	3.16
4.148	3.1
4.151	2.91
4.154	2.74
4.157	2.76
4.16	2.77
4.163	2.78
4.166	2.84
4.169	2.86
4.172	2.91
4.175	2.81
4.178	2.93
4.181	2.87
4.184	2.89
4.187	2.96
4.19	2.9
4.193	2.89
4.196	2.97
4.199	2.98
4.202	2.71
4.205	2.6
4.208	2.76
4.211	3
4.214	3.03
4.217	3.06
4.22	2.84
4.223	2.84
4.226	2.88
4.229	2.94
4.232	3.12
4.235	3.15
4.238	3.13
4.241	3.03
4.244	2.88
4.247	2.9
4.25	3.05
4.253	3.21
4.256	3.29
4.259	3.11
4.262	3.15
4.265	3.11
4.268	3.05
4.271	2.84
4.274	2.81
4.277	2.7
4.286	3.07
4.289	3.19
4.292	3.04
4.295	3
4.298	2.93
4.301	2.87
4.304	2.94
4.307	3.15
4.31	3.1
4.313	2.99
4.316	2.84
4.319	2.71
4.322	2.68
4.325	2.85
4.328	2.94
4.331	2.68
4.334	2.81
4.337	2.8
4.34	2.84
4.343	2.95
4.346	2.98
4.349	3.15
4.352	3.02
4.355	2.94
4.358	2.99
4.361	3.05
4.364	3.02
4.367	2.91
4.37	2.87
4.373	3.03
4.376	3.08
4.379	3.01
4.382	3.12
4.385	3.07
4.388	3.14
4.391	2.96
4.394	2.91
4.397	3.08
4.4	3.12
4.403	3
4.406	2.87
4.409	2.9
4.412	2.98
4.415	2.75
4.418	2.95
4.421	3.21
4.424	2.96
4.427	2.97
4.43	2.74
4.433	2.84
4.436	2.9
4.439	2.78
4.442	2.72
4.445	2.94
4.448	3.07
4.451	2.89
4.454	2.56
4.457	2.8
4.46	2.87
4.463	2.83
4.466	2.81
4.469	2.76
4.472	2.68
4.475	2.71
4.478	2.82
4.481	2.83
4.484	2.68
4.487	2.79
4.49	2.87
4.493	2.88
4.496	2.94
4.499	2.99
4.502	2.8
4.505	2.91
4.508	2.84
4.511	3.08
4.514	3.21
4.517	3.22
4.52	3.14
4.523	2.97
4.526	2.9
4.529	2.86
4.532	2.89
4.535	2.93
4.538	2.95
4.541	3
4.544	2.95
4.547	2.98
4.55	3.03
4.553	3.17
4.556	3.29
4.559	3.25
4.562	3.19
4.565	3.09
4.568	3.02
4.571	3.11
4.574	3.07
4.577	3
4.58	3.03
4.583	2.98
4.586	2.97
4.589	3.04
4.592	3.12
4.595	3.22
4.598	3.26
4.601	3.15
4.604	2.98
4.607	3.01
4.61	3.13
4.613	3.19
4.616	3.15
4.619	2.99
4.622	2.9
4.625	2.87
4.628	2.96
4.631	3.2
4.634	3.19
4.637	3.1
4.64	3.01
4.643	2.95
4.646	2.95
4.649	2.88
4.652	2.88
4.655	2.92
4.658	2.84
4.661	2.75
4.664	2.77
4.667	3.3
4.67	3.32
4.673	3.21
4.676	3.07
4.679	3.18
4.682	3.18
4.685	3.01
4.688	3.13
4.691	3.1
4.694	3.13
4.697	3.1
4.7	2.99
4.703	3.04
4.706	3.22
4.709	3.25
4.712	3.26
4.715	3.23
4.718	3.25
4.721	3.2
4.724	3.05
4.727	3
4.73	2.98
4.733	3.02
4.736	3.05
4.739	2.93
4.742	2.87
4.745	3
4.748	3.15
4.751	3.3
4.754	3.31
4.757	3.26
4.76	3.1
4.763	2.95
4.766	2.96
4.769	2.85
4.772	2.9
4.775	3.03
4.778	3
4.781	2.88
4.784	2.92
4.787	3.01
4.79	3.19
4.793	3.07
4.796	3.03
4.799	2.96
4.802	2.84
4.805	2.63
4.808	2.74
4.811	2.75
4.823	2.96
4.826	3.31
4.829	3.47
4.832	3.42
4.835	3.38
4.838	3.3
4.841	2.99
4.844	3.03
4.847	2.95
4.85	2.87
4.853	2.83
4.856	2.93
4.859	3.03
4.862	3.09
4.865	3.19
4.868	3.32
4.871	3.45
4.874	3.48
4.877	3.5
4.88	3.39
4.883	3.28
4.886	3.29
4.889	3.08
4.892	2.99
4.895	2.87
4.898	2.9
4.901	3
4.904	3.04
4.907	3
4.91	3.05
4.913	2.98
4.916	2.98
4.919	2.97
4.922	3
4.925	3.09
4.928	2.98
4.931	3.12
4.934	3.15
4.937	3.11
4.94	3.04
4.943	2.95
4.946	2.97
4.949	3.06
4.952	3.12
4.955	3.16
4.958	2.92
4.961	2.89
4.964	3.03
4.967	3.02
4.97	2.89
4.973	2.87
4.979	2.92
4.982	2.89
4.985	2.9
4.988	2.82
4.991	2.87
4.994	2.91
4.997	2.99
5	2.99
5.003	2.97
5.006	2.98
5.009	3.12
5.012	3.08
5.015	2.9
5.018	2.93
5.021	2.92
5.024	2.84
5.027	2.83
5.03	2.83
5.033	2.92
5.036	2.94
5.039	3.04
5.042	3.28
5.045	3.26
5.048	3.18
5.051	3.14
5.054	3.11
5.057	2.99
5.06	3.06
5.063	3.04
5.066	3
5.069	2.97
5.072	2.91
5.075	3.03
5.078	3.06
5.081	2.9
5.084	2.81
5.087	2.7
5.09	3.02
5.093	2.85
5.096	2.72
5.099	2.87
5.102	2.69
5.105	2.65
5.108	2.93
5.111	3.01
5.114	3.11
5.117	3.05
5.12	2.95
5.123	2.88
5.126	2.82
5.129	2.61
5.132	2.68
5.135	2.57
5.138	2.65
5.141	2.85
5.144	2.91
5.147	2.89
5.15	2.93
5.153	2.94
5.156	3.05
5.159	3.21
5.162	3.15
5.165	3.12
5.168	2.89
5.171	2.85
5.174	2.8
5.177	2.84
5.18	2.95
5.183	2.85
5.186	2.91
5.189	2.89
5.192	2.86
5.195	2.82
5.198	2.8
5.201	2.8
5.204	2.79
5.207	2.79
5.21	2.9
5.213	2.89
5.216	2.89
5.219	2.85
5.222	2.79
5.225	2.97
5.237	2.97
5.24	2.9
5.243	2.95
5.246	3.03
5.249	2.86
5.252	2.84
5.255	2.75
5.258	2.77
5.261	2.79
5.264	2.88
5.267	2.82
5.27	2.91
5.273	2.98
5.276	3.07
5.279	2.92
5.282	2.89
5.285	2.79
5.288	2.86
5.291	2.78
5.294	2.83
5.297	2.93
5.3	2.99
5.303	2.93
5.306	2.86
5.309	2.8
5.312	2.86
5.315	2.75
5.318	2.89
5.321	2.79
5.324	2.68
5.327	2.64
5.33	2.47
5.333	2.87
5.336	2.87
5.339	2.93
5.342	2.92
5.345	2.94
5.348	2.89
5.351	2.93
5.354	3.14
5.357	3.06
5.36	2.9
5.363	2.94
5.366	3.07
5.369	2.96
5.372	2.94
5.375	2.99
5.378	2.91
5.381	2.97
5.384	2.8
5.387	2.82
5.39	2.78
5.393	2.69
5.396	2.73
5.399	2.83
5.402	2.95
5.405	2.85
5.408	2.98
5.411	2.92
5.414	2.9
5.417	3.03
5.42	3.05
5.423	2.97
5.426	2.82
5.429	2.8
5.432	3.05
5.435	3.02
5.438	3.09
5.441	2.82
5.444	2.78
5.447	2.84
5.45	2.89
5.453	2.93
5.456	2.89
5.459	2.51
5.462	2.6
5.465	2.9
5.468	2.8
5.471	2.77
5.474	2.43
5.477	2.63
5.48	2.78
5.483	2.62
5.486	2.77
5.489	2.9
5.492	2.95
5.495	3
5.498	3.1
5.501	3.04
5.504	2.93
5.507	2.86
5.51	2.87
5.513	2.95
5.516	2.99
5.519	2.99
5.522	2.83
5.525	2.68
5.528	2.76
5.531	2.92
5.534	3.04
5.537	3.19
5.54	3.24
5.543	3.18
5.546	3.08
5.549	2.9
5.552	2.93
5.555	3.04
5.558	3.09
5.561	3.24
5.564	3.16
5.567	3.17
5.57	3.31
5.573	3.24
5.576	3.05
5.579	3.03
5.582	2.99
5.585	3.03
5.588	2.97
5.591	3.06
5.594	3.03
5.597	3.02
5.6	3.07
5.603	2.99
5.606	2.81
5.609	2.87
5.612	2.88
5.615	2.92
5.618	3.02
5.621	3.08
5.624	3.11
5.627	2.96
5.63	3.08
5.633	3.17
5.636	3.19
5.639	3.14
5.642	3.1
5.645	3.09
5.648	3.11
5.651	3.25
5.654	3.3
5.657	3.08
5.66	2.88
5.663	3.02
5.666	3.01
5.669	3.07
5.672	3.18
5.675	3.23
5.678	3.08
5.681	3.28
5.684	3.36
5.687	3.19
5.69	3.31
5.693	3.29
5.696	3.19
5.699	3.06
5.702	3.04
5.705	3.09
5.708	3.13
5.711	3.55
5.72	3.2
5.723	2.95
5.726	3.12
5.729	3.3
5.732	3.31
5.735	3.19
5.738	3.05
5.741	3
5.744	3.15
5.747	3.14
5.75	3.14
5.753	3.36
5.756	3.23
5.759	3.01
5.762	3.06
5.765	3.13
5.768	3.15
5.771	3.04
5.774	3.02
5.777	3.02
5.78	2.92
5.783	2.96
5.786	3
5.789	3.08
5.792	3.08
5.795	3.04
5.798	3.03
5.801	3.04
5.804	3.11
5.807	2.96
5.81	3.03
5.813	3
5.816	3.02
5.819	3.18
5.822	3.18
5.825	3.08
5.828	3.04
5.831	2.96
5.834	3.04
5.837	3.12
5.84	3.18
5.843	3.29
5.846	3.06
5.849	3.14
5.852	3.09
5.855	3.17
5.858	3.08
5.861	2.95
5.864	3.08
5.867	3.11
5.87	3.04
5.873	3.08
5.876	2.95
5.879	2.99
5.882	2.95
5.885	3.18
5.888	3.22
5.891	3.14
5.894	3.09
5.897	3.13
5.9	3.2
5.903	3.29
5.906	3.11
5.909	3.12
5.912	3.19
5.915	3.07
5.918	3.13
5.921	3.16
5.924	3.17
5.927	3.17
5.93	3.23
5.933	3.22
5.936	3.1
5.939	3.17
5.942	3.19
5.945	2.96
5.948	2.94
5.951	2.99
5.954	3.07
5.957	3.05
5.96	2.99
5.963	3.06
5.966	3.04
5.969	3.1
5.972	3.17
5.975	3.05
5.978	3.08
5.981	3.1
5.984	2.91
5.987	2.75
5.99	2.98
5.993	3.11
5.996	3.13
5.999	2.87
6.002	3.01
6.005	3.06
6.008	3.07
6.011	2.94
6.014	2.85
6.017	3.02
6.02	3.11
6.023	3.07
6.026	2.94
6.029	3.01
6.032	3.09
6.035	2.99
6.038	3.03
6.041	3
6.044	3.14
6.047	3.14
6.05	3
6.053	3.09
6.056	2.86
6.059	2.7
6.062	2.85
6.065	2.93
6.068	2.97
6.071	2.85
6.074	2.79
6.077	2.73
6.08	2.82
6.083	3.01
6.086	2.99
6.089	2.98
6.092	2.88
6.095	2.97
6.098	2.95
6.101	2.96
6.104	2.95
6.107	2.98
6.11	3.02
6.113	3.01
6.116	2.97
6.119	2.86
6.122	2.98
6.125	3.17
6.128	3.42
6.131	3.41
6.134	3.35
6.137	3.29
