Peaks found on 2018-10-30 16:27:28.548689

Number    Wavelength 
0  5709.831830939545
1  6482.131407620496
2  6482.510717747371
3  6523.827761535863
4  6540.86351989822
5  6566.858076599475
6  6569.070414339376
7  6569.28274636821
8  6572.273577443332
9  6583.137082067313
10  6585.045738464802
11  6619.032459955813
12  6619.530758144183
13  6619.552613640166
14  6620.348181544748
15  6650.3174674925
16  6652.241114846889
17  6653.5361618011275
18  6661.398588090725
19  6661.661144081532
20  6662.37603132071
21  6662.597780239311
22  6663.161526590117
23  6687.838993329184
24  6713.355484137321
25  6723.085389435589
26  6723.577514675679
27  6726.461266989133
28  6726.553838510835
29  6735.523689579054
30  6736.921991229501
31  6738.883769220163
32  6741.05147093548
33  6788.840917151971
34  6789.699350163945
35  6815.609786058249
36  6818.538908873455
37  6818.781654941596
38  6841.025224062161
39  6842.107193223866
40  6865.593476114171
41  6880.621796564227
42  6881.002792855392
43  6881.157317076268
44  6910.551058155796
45  6915.9463497613015
46  6916.5505444692835
47  6920.020178134219
48  6929.678600071743
49  6932.846256858298
50  6942.676197217599
51  6959.72808402729
52  6962.193668569154
53  6962.209986368271
54  6963.367481825095
55  6965.658645082992
56  6991.193297932188
57  6992.31044179906
58  6998.885671400845
59  7021.010408702041
60  7021.263366533782
61  7022.50140503595
62  7022.515450787061
63  7023.863790643689
64  7035.668536683417
65  7048.538014083716
66  7083.151106146154
67  7084.2014932697
68  7084.249752228521
69  7115.2252368177715
70  7115.270209088101
71  7131.216315505326
72  7139.792751050607
73  7141.167386889129
74  7142.123259397605
75  7143.104029686596
76  7145.107554294558
77  7152.931445451943
78  7186.104144005693
79  7186.988398800383
80  7187.553817514545
81  7213.294363345782
82  7213.844199549666
83  7217.317506340347
84  7222.215885441653
85  7222.933216037048
86  7226.598610722953
87  7233.861003689735
88  7247.801618306854
89  7248.785282434716
90  7278.23136671266
91  7296.595466914203
92  7306.911245360417
93  7330.795656821181
94  7335.794013819038
95  7358.193954940927
96  7361.0879668198795
97  7361.658623005262
98  7366.728986751505
99  7375.596615216852
100  7376.550645560427
101  7421.794068502186
102  7422.076933065065
103  7444.719800302234
104  7455.063611506093
105  7455.305650633101
106  7456.129377989265
107  7515.534352793895
108  7578.737624237403
109  7610.38800595629
110  7612.549770119372
111  7641.15423584448
112  7642.074067465575
113  7642.535431887864
114  7657.31870090811
115  7659.959512431139
116  7661.927254066117
117  7662.43228997797
118  7699.784581338822
119  7702.481699315075
120  7706.24968162592
121  7706.425926735582
122  7706.788619611447
123  7738.730128575401
124  7739.403739377128
125  7740.3226036823835
126  7782.819619715744
127  7783.359431214024
128  7784.213904695944
129  7785.704486133147
130  7806.208663864723
131  7807.27596597533
132  7808.483617313162
133  7808.6446970085035
134  7833.825419211972
135  7840.098098364035
136  7840.36122134711
137  7841.3892690470775
138  7843.162111244094
139  7855.4518182848715
140  7859.565246970007
141  7865.991486652968
142  7873.831022347107
143  7889.044273386709
144  7899.295561644543
145  7899.594270279387
146  7900.888627738556
147  7930.627469370852
148  7931.619361309889
149  7932.493996282248
150  7946.366307441308
151  7950.181028459923
152  7968.046456567318
153  7972.147007206533
154  7976.363247143979
155  7998.358994103828
156  8005.510306815647
157  8007.225749970762
158  8013.8054039562685
159  8045.296586727696
160  8046.050060242288
161  8046.97870539735
162  8083.643014207028
163  8088.459154375712
164  8089.009712094041
165  8090.752298010568
166  8091.732187431569
167  8092.301835650029
168  8093.688499754765
169  8093.705612972481
170  8125.320731239603
171  8125.718742915469
172  8129.134312862564
173  8171.80532815277
174  8174.948200841465
175  8175.538020225592
176  8180.386518099538
177  8207.814798568355
178  8209.329828820755
179  8231.468552596072
180  8232.771747320221
181  8234.028162224386
182  8235.870244925743
183  8236.465303593488
184  8251.970496630927
185  8268.946191594381
186  8270.110138876671
187  8270.204442555332
188  8302.712589929726
189  8303.356324068181
190  8338.64080519565
191  8340.145285528788
192  8341.657786495323
193  8342.184981510807
194  8344.539397363378
195  8351.617350558014
196  8360.114142073291
197  8367.510780353403
198  8367.600520647458
199  8370.362754500138
200  8370.710057412192
201  8403.461172131123
202  8404.950454407584
203  8406.10795511296
204  8406.495305006698
205  8448.155926196734
206  8461.509933582516
207  8465.93864982235
208  8477.866483754939
209  8485.462049795806
210  8497.678392095238
211  8504.800855260532
212  8505.908799657445
213  8511.83553760545
214  8512.649628767673
215  8516.13071110755
216  8561.355243120091
217  8561.637025626545
218  8561.93550728636
219  8562.705748889817
220  8564.951189372789
221  8607.46174401618
222  8611.041358772125
223  8613.718663269936
224  8616.004368534344
225  8618.757129174837
226  8639.841783042937
227  8651.878085728182
228  8653.919705020002
229  8658.341591284332
230  8662.289677775443
231  8662.60349657438
232  8662.732275979784
233  8677.41287279915
234  8698.92505621978
235  8701.85423880774
236  8702.057285781519
237  8702.221698173273
238  8708.114408020094
239  8731.921818621844
240  8734.884264869097
241  8735.920557784284
242  8736.45436534206
243  8749.452789030604
244  8763.1631454469
245  8765.942509239887
246  8787.186058090405
247  8808.16245365755
248  8808.701510358283
249  8812.438171951047
250  8812.903166369011
251  8834.97551294452
252  8836.013417510774
253  8844.470290784146
254  8846.195004368315
255  8847.965809594321
256  8848.315508969665
257  8850.424484408039
258  8850.783763018264
259  8879.050244237424
260  8882.025358707293
261  8899.243032260625
262  8906.511040157315
263  8909.374844407901
264  8932.597656015108
265  8938.36069216972
266  8939.914484422787
267  8943.504691111559
268  8960.805674699564
269  8960.850630021958
270  8961.238649123694
271  8961.675057351356
272  8963.483307256296
273  9007.618014029138
274  9007.89975089115
275  9009.997691891083
276  9011.791036890438
277  9011.80379199067
278  9021.995384350726
279  9039.09868489572
280  9040.17109191048
281  9083.432613919314
282  9084.535637378109
283  9115.110093006173
284  9115.54067825274
285  9120.149320842738
286  9126.162118481941
287  9144.314694936069
288  9145.044453209503
289  9146.776537092997
290  9168.2082509535
291  9186.617408462616
292  9192.590994680164
293  9214.269574269576
294  9217.11132793582
295  9223.386341026398
296  9224.279527973455
297  9224.858323651166
298  9239.907454961032
299  9250.589317015534
300  9252.07159763708
301  9256.424234603961
302  9265.414035409201
303  9293.772661240382
304  9293.989298395525
305  9295.368164373553
306  9299.991809802701
307  9327.238503650027
308  9327.304857956215
309  9329.007757356301
